0.0000358 0.7998
0.0001672 0.80842
0.0002548 0.82136
0.0002767 0.82856
0.0003204 0.83431
0.000408 0.84869
0.0004737 0.86163
0.0005612 0.87457
0.0006269 0.88896
0.0006926 0.89471
0.0007364 0.9019
0.0008458 0.9134
0.0009334 0.92634
0.0010428 0.93928
0.0011742 0.95078
0.0012618 0.95652
0.0013274 0.96083
0.0014807 0.97233
0.001634 0.98095
0.001831 0.98812
0.002028 0.99386
0.0021375 0.99673
0.0022251 0.99816
0.0024441 0.99957
0.002663 0.99955
0.002882 0.99665
0.003079 0.99375
0.0031885 0.99087
0.0032761 0.98798
0.0034731 0.9822
0.0036702 0.97499
0.0038454 0.96634
0.0040425 0.95912
0.0041081 0.9548
0.0041957 0.95047
0.0043709 0.94038
0.0045461 0.93173
0.0046994 0.92164
0.0048526 0.91156
0.0049402 0.90723
0.0050059 0.90291
0.0051592 0.89138
0.0053125 0.88129
0.0054658 0.8712
0.005619 0.85968
0.0056847 0.85391
0.0057504 0.84959
0.0059037 0.83806
0.0060351 0.82654
0.0061665 0.81645
0.0063198 0.80492
0.0063855 0.79916
0.0064511 0.7934
0.0065825 0.78188
0.0067139 0.77035
0.0068453 0.76026
0.0069986 0.74874
0.0070643 0.74297
0.00713 0.73721
0.0072614 0.72569
0.0073709 0.71417
0.0075022 0.70264
0.0076336 0.68968
0.0076993 0.68391
0.007765 0.67815
0.0078964 0.66663
0.0080278 0.6551
0.0081592 0.64358
0.0082906 0.63205
0.0083563 0.62629
0.0084219 0.62053
0.0085314 0.609
0.0086628 0.59748
0.0087942 0.58452
0.0089256 0.57299
0.0089913 0.56723
0.009057 0.56147
0.0091884 0.54994
0.0092979 0.53842
0.0094293 0.52689
0.0095606 0.51537
0.0096263 0.50961
0.009692 0.50384
0.0098234 0.49232
0.0099548 0.47936
0.0100643 0.46783
0.0101957 0.45631
0.0102614 0.45055
0.0103271 0.44478
0.0104585 0.43326
0.0105898 0.42173
0.0107212 0.41021
0.0108526 0.39868
0.0109183 0.39292
0.010984 0.38716
0.0111154 0.37563
0.0112468 0.36411
0.0113782 0.35258
0.0115314 0.34106
0.0115971 0.33673
0.0116628 0.33097
0.0117942 0.31945
0.0119256 0.30792
0.0120789 0.29639
0.0122103 0.28631
0.012276 0.28055
0.0123417 0.27478
0.0124949 0.26326
0.0126263 0.25317
0.0127796 0.24164
0.0129329 0.23156
0.0129986 0.22579
0.0130643 0.22003
0.0132175 0.20994
0.0133708 0.19842
0.0135241 0.18833
0.0136774 0.17824
0.0137431 0.17392
0.0138307 0.16815
0.0139839 0.15806
0.0141372 0.14797
0.0142905 0.13933
0.0144657 0.1278
0.0145533 0.12347
0.014619 0.11915
0.0147941 0.1105
0.0149474 0.10185
0.0151226 0.09176
0.0152978 0.08311
0.0153853 0.07878
0.0154729 0.07589
0.0156481 0.06724
0.0158452 0.06003
0.0160203 0.05281
0.0162174 0.0456
0.016305 0.04127
0.0164145 0.03839
0.0165896 0.03261
0.0167867 0.02684
0.0169838 0.02106
0.0171808 0.01672
0.0172684 0.01384
0.0173779 0.01239
0.017575 0.00805
0.017772 0.00515
0.017991 0.00225
0.018188 0.00079
0.0182975 0.00078
