0 0 0
1.01 0 0
0.312107 0.960567 0
-0.817107 0.593663 0
-0.817107 -0.593663 0
0.312107 -0.960567 0
2.02 0 0
1.69933 1.09209 0
0.839138 1.83746 0
-0.287476 1.99944 0
-1.32282 1.52661 0
-1.93818 0.5691 0
-1.93818 -0.5691 0
-1.32282 -1.52661 0
-0.287476 -1.99944 0
0.839138 -1.83746 0
1.69933 -1.09209 0
3.03 0 0
2.82539 1.09456 0
2.2392 2.0413 0
1.35059 2.71234 0
0.279573 3.01707 0
-0.829199 2.91433 0
-1.82598 2.41799 0
-2.57616 1.59509 0
-2.97841 0.556761 0
-2.97841 -0.556761 0
-2.57616 -1.59509 0
-1.82598 -2.41799 0
-0.829199 -2.91433 0
0.279573 -3.01707 0
1.35059 -2.71234 0
2.2392 -2.0413 0
2.82539 -1.09456 0
4.04 0 0
3.89019 1.08998 0
3.45185 2.09912 0
2.75751 2.95258 0
1.85866 3.58706 0
0.821962 3.9555 0
-0.275699 4.03058 0
-1.35291 3.80673 0
-2.32979 3.30056 0
-3.13387 2.5496 0
-3.70553 1.60954 0
-4.00237 0.550113 0
-4.00237 -0.550113 0
-3.70553 -1.60954 0
-3.13387 -2.5496 0
-2.32979 -3.30056 0
-1.35291 -3.80673 0
-0.275699 -4.03058 0
0.821962 -3.9555 0
1.85866 -3.58706 0
2.75751 -2.95258 0
3.45185 -2.09912 0
3.89019 -1.08998 0
5.05 0 0
4.93193 1.0856 0
4.58326 2.12044 0
4.02027 3.05613 0
3.2693 3.84892 0
2.36546 4.46174 0
1.35102 4.86593 0
0.273401 5.04259 0
-0.816999 4.98347 0
-1.8692 4.69133 0
-2.83399 4.17983 0
-3.66628 3.47288 0
-4.32713 2.60355 0
-4.78565 1.61247 0
-5.0204 0.546001 0
-5.0204 -0.546001 0
-4.78565 -1.61247 0
-4.32713 -2.60355 0
-3.66628 -3.47288 0
-2.83399 -4.17983 0
-1.8692 -4.69133 0
-0.816999 -4.98347 0
0.273401 -5.04259 0
1.35102 -4.86593 0
2.36546 -4.46174 0
3.2693 -3.84892 0
4.02027 -3.05613 0
4.58326 -2.12044 0
4.93193 -1.0856 0
6.06 0 0
5.96261 1.08205 0
5.67358 2.12933 0
5.2022 3.10817 0
4.56361 3.98711 0
3.77835 4.7379 0
2.87164 5.33641 0
1.87264 5.7634 0
0.813454 6.00516 0
-0.271881 6.0539 0
-1.34848 5.90806 0
-2.38173 5.57234 0
-3.33844 5.05751 0
-4.18784 4.38014 0
-4.90264 3.56198 0
-5.45987 2.62934 0
-5.84161 1.61218 0
-6.0356 0.543214 0
-6.0356 -0.543214 0
-5.84161 -1.61218 0
-5.45987 -2.62934 0
-4.90264 -3.56198 0
-4.18784 -4.38014 0
-3.33844 -5.05751 0
-2.38173 -5.57234 0
-1.34848 -5.90806 0
-0.271881 -6.0539 0
0.813454 -6.00516 0
1.87264 -5.7634 0
2.87164 -5.33641 0
3.77835 -4.7379 0
4.56361 -3.98711 0
5.2022 -3.10817 0
5.67358 -2.12933 0
5.96261 -1.08205 0
7.07 0 0
6.98714 1.07923 0
6.74051 2.13316 0
6.33589 3.1371 0
5.78276 4.0675 0
5.09409 4.90257 0
4.28601 5.62272 0
3.37748 6.21108 0
2.38978 6.65386 0
1.34607 6.94068 0
0.2708 7.06481 0
-0.810812 7.02335 0
-1.87342 6.81727 0
-2.89212 6.4514 0
-3.84302 5.93431 0
-4.70385 5.27813 0
-5.45443 4.49823 0
-6.07716 3.6129 0
-6.55744 2.64289 0
-6.88403 1.61092 0
-7.04926 0.541203 0
-7.04926 -0.541203 0
-6.88403 -1.61092 0
-6.55744 -2.64289 0
-6.07716 -3.6129 0
-5.45443 -4.49823 0
-4.70385 -5.27813 0
-3.84302 -5.93431 0
-2.89212 -6.4514 0
-1.87342 -6.81727 0
-0.810812 -7.02335 0
0.2708 -7.06481 0
1.34607 -6.94068 0
2.38978 -6.65386 0
3.37748 -6.21108 0
4.28601 -5.62272 0
5.09409 -4.90257 0
5.78276 -4.0675 0
6.33589 -3.1371 0
6.74051 -2.13316 0
6.98714 -1.07923 0
8.08 0 0
8.00791 1.07696 0
7.79291 2.1347 0
7.43885 3.15435 0
6.95204 4.1177 0
6.34118 5.00758 0
5.61715 5.8081 0
4.79289 6.50497 0
3.8831 7.08576 0
2.90401 7.5401 0
1.87311 7.85989 0
0.808773 8.03942 0
-0.269993 8.07549 0
-1.34394 7.96745 0
-2.39391 7.71723 0
-3.40115 7.32929 0
-4.34771 6.81057 0
-5.21667 6.17031 0
-5.99255 5.41994 0
-6.66149 4.57285 0
-7.21155 3.64416 0
-7.63293 2.65044 0
-7.91809 1.60942 0
-8.06196 0.539684 0
-8.06196 -0.539684 0
-7.91809 -1.60942 0
-7.63293 -2.65044 0
-7.21155 -3.64416 0
-6.66149 -4.57285 0
-5.99255 -5.41994 0
-5.21667 -6.17031 0
-4.34771 -6.81057 0
-3.40115 -7.32929 0
-2.39391 -7.71723 0
-1.34394 -7.96745 0
-0.269993 -8.07549 0
0.808773 -8.03942 0
1.87311 -7.85989 0
2.90401 -7.5401 0
3.8831 -7.08576 0
4.79289 -6.50497 0
5.61715 -5.8081 0
6.34118 -5.00758 0
6.95204 -4.1177 0
7.43885 -3.15435 0
7.79291 -2.1347 0
8.00791 -1.07696 0
9.09 0 0
9.0262 1.0751 0
8.83569 2.13511 0
8.52114 3.16515 0
8.08698 4.15076 0
7.5393 5.0781 0
6.88578 5.93415 0
6.1356 6.7069 0
5.29928 7.38551 0
4.38858 7.96043 0
3.41627 8.42361 0
2.39601 8.76854 0
1.34211 8.99038 0
0.269367 9.08601 0
-0.807155 9.05409 0
-1.87235 8.89508 0
-2.91125 8.6112 0
-3.90929 8.20643 0
-4.85245 7.68647 0
-5.7275 7.0586 0
-6.52214 6.33165 0
-7.22523 5.51581 0
-7.82689 4.62255 0
-8.31867 3.66439 0
-8.69368 2.6548 0
-8.94666 1.60793 0
-9.07404 0.538497 0
-9.07404 -0.538497 0
-8.94666 -1.60793 0
-8.69368 -2.6548 0
-8.31867 -3.66439 0
-7.82689 -4.62255 0
-7.22523 -5.51581 0
-6.52214 -6.33165 0
-5.7275 -7.0586 0
-4.85245 -7.68647 0
-3.90929 -8.20643 0
-2.91125 -8.6112 0
-1.87235 -8.89508 0
-0.807155 -9.05409 0
0.269367 -9.08601 0
1.34211 -8.99038 0
2.39601 -8.76854 0
3.41627 -8.42361 0
4.38858 -7.96043 0
5.29928 -7.38551 0
6.1356 -6.7069 0
6.88578 -5.93415 0
7.5393 -5.0781 0
8.08698 -4.15076 0
8.52114 -3.16515 0
8.83569 -2.13511 0
9.0262 -1.0751 0
10.1 0 0
10.0428 1.07356 0
9.87177 2.13496 0
9.58892 3.17217 0
9.19741 4.17344 0
8.7017 5.12742 0
8.10739 6.02331 0
7.42122 6.85095 0
6.65096 7.60096 0
5.80535 8.26486 0
4.89396 8.83511 0
3.92712 9.30525 0
2.91579 9.66996 0
1.87142 9.92511 0
0.80584 10.0678 0
-0.268867 10.0964 0
-1.34053 10.0106 0
-2.397 9.81144 0
-3.42631 9.50107 0
-4.4168 9.08305 0
-5.35725 8.56212 0
-6.237 7.94417 0
-7.04608 7.23621 0
-7.77532 6.44627 0
-8.41647 5.58328 0
-8.96226 4.65703 0
-9.4065 3.67802 0
-9.74416 2.65734 0
-9.97141 1.60654 0
-10.0857 0.537544 0
-10.0857 -0.537544 0
-9.97141 -1.60654 0
-9.74416 -2.65734 0
-9.4065 -3.67802 0
-8.96226 -4.65703 0
-8.41647 -5.58328 0
-7.77532 -6.44627 0
-7.04608 -7.23621 0
-6.237 -7.94417 0
-5.35725 -8.56212 0
-4.4168 -9.08305 0
-3.42631 -9.50107 0
-2.397 -9.81144 0
-1.34053 -10.0106 0
-0.268867 -10.0964 0
0.80584 -10.0678 0
1.87142 -9.92511 0
2.91579 -9.66996 0
3.92712 -9.30525 0
4.89396 -8.83511 0
5.80535 -8.26486 0
6.65096 -7.60096 0
7.42122 -6.85095 0
8.10739 -6.02331 0
8.7017 -5.12742 0
9.19741 -4.17344 0
9.58892 -3.17217 0
9.87177 -2.13496 0
10.0428 -1.07356 0
11.11 0 0
11.0581 1.07227 0
10.903 2.13453 0
10.6461 3.17686 0
10.2898 4.18952 0
9.83742 5.16307 0
9.29318 6.08842 0
8.66218 6.95692 0
7.9503 7.76046 0
7.1642 8.49155 0
6.3112 9.14335 0
5.39928 9.70978 0
4.43694 10.1856 0
3.43318 10.5662 0
2.39736 10.8483 0
1.33916 11.029 0
0.268459 11.1068 0
-0.804751 11.0808 0
-1.87045 10.9514 0
-2.91868 10.7198 0
-3.93966 10.388 0
-4.92386 9.9593 0
-5.86208 9.43759 0
-6.74558 8.82776 0
-7.56609 8.1355 0
-8.31595 7.36729 0
-8.98818 6.53029 0
-9.57648 5.63232 0
-10.0754 4.68177 0
-10.4802 3.6875 0
-10.7872 2.6588 0
-10.9934 1.60527 0
-11.097 0.536762 0
-11.097 -0.536762 0
-10.9934 -1.60527 0
-10.7872 -2.6588 0
-10.4802 -3.6875 0
-10.0754 -4.68177 0
-9.57648 -5.63232 0
-8.98818 -6.53029 0
-8.31595 -7.36729 0
-7.56609 -8.1355 0
-6.74558 -8.82776 0
-5.86208 -9.43759 0
-4.92386 -9.9593 0
-3.93966 -10.388 0
-2.91868 -10.7198 0
-1.87045 -10.9514 0
-0.804751 -11.0808 0
0.268459 -11.1068 0
1.33916 -11.029 0
2.39736 -10.8483 0
3.43318 -10.5662 0
4.43694 -10.1856 0
5.39928 -9.70978 0
6.3112 -9.14335 0
7.1642 -8.49155 0
7.9503 -7.76046 0
8.66218 -6.95692 0
9.29318 -6.08842 0
9.83742 -5.16307 0
10.2898 -4.18952 0
10.6461 -3.17686 0
10.903 -2.13453 0
11.0581 -1.07227 0
12.12 0 0
12.0726 1.07117 0
11.9307 2.13395 0
11.6954 3.18003 0
11.3686 4.20123 0
10.9528 5.18954 0
10.4513 6.13724 0
9.86795 7.03691 0
9.20741 7.8815 0
8.47481 8.66441 0
7.67588 9.37951 0
6.81689 10.0212 0
5.90453 10.5845 0
4.94597 11.0649 0
3.9487 11.4587 0
2.92053 11.7629 0
1.8695 11.9749 0
0.803834 12.0933 0
-0.26812 12.117 0
-1.33798 12.0459 0
-2.39736 11.8805 0
-3.43798 11.6222 0
-4.4517 11.2728 0
-5.43057 10.8353 0
-6.36694 10.3129 0
-7.25348 9.70986 0
-8.08326 9.0308 0
-8.84977 8.28106 0
-9.54702 7.46651 0
-10.1696 6.59353 0
-10.7125 5.66894 0
-11.1716 4.69998 0
-11.5433 3.69425 0
-11.8246 2.65959 0
-12.0134 1.60413 0
-12.1081 0.536108 0
-12.1081 -0.536108 0
-12.0134 -1.60413 0
-11.8246 -2.65959 0
-11.5433 -3.69425 0
-11.1716 -4.69998 0
-10.7125 -5.66894 0
-10.1696 -6.59353 0
-9.54702 -7.46651 0
-8.84977 -8.28106 0
-8.08326 -9.0308 0
-7.25348 -9.70986 0
-6.36694 -10.3129 0
-5.43057 -10.8353 0
-4.4517 -11.2728 0
-3.43798 -11.6222 0
-2.39736 -11.8805 0
-1.33798 -12.0459 0
-0.26812 -12.117 0
0.803834 -12.0933 0
1.8695 -11.9749 0
2.92053 -11.7629 0
3.9487 -11.4587 0
4.94597 -11.0649 0
5.90453 -10.5845 0
6.81689 -10.0212 0
7.67588 -9.37951 0
8.47481 -8.66441 0
9.20741 -7.8815 0
9.86795 -7.03691 0
10.4513 -6.13724 0
10.9528 -5.18954 0
11.3686 -4.20123 0
11.6954 -3.18003 0
11.9307 -2.13395 0
12.0726 -1.07117 0
13.13 0 0
13.0863 1.07022 0
12.9555 2.13331 0
12.7385 3.18221 0
12.4368 4.20993 0
12.0522 5.20963 0
11.5875 6.17467 0
11.0457 7.09861 0
10.4303 7.97532 0
9.74553 8.79895 0
8.99591 9.56402 0
8.18642 10.2654 0
7.32245 10.8986 0
6.40975 11.4591 0
5.4544 11.9435 0
4.46275 12.3483 0
3.4414 12.671 0
2.39714 12.9093 0
1.33694 13.0618 0
0.267833 13.1273 0
-0.803053 13.1054 0
-1.86859 12.9964 0
-2.9217 12.8008 0
-3.95536 12.5201 0
-4.9627 12.156 0
-5.93702 11.7111 0
-6.87182 11.1882 0
-7.7609 10.5908 0
-8.59832 9.92299 0
-9.37853 9.18913 0
-10.0963 8.39412 0
-10.7469 7.54324 0
-11.326 6.64217 0
-11.8297 5.69689 0
-12.2547 4.71371 0
-12.5981 3.69915 0
-12.8577 2.65997 0
-13.0318 1.6031 0
-13.1191 0.535554 0
-13.1191 -0.535554 0
-13.0318 -1.6031 0
-12.8577 -2.65997 0
-12.5981 -3.69915 0
-12.2547 -4.71371 0
-11.8297 -5.69689 0
-11.326 -6.64217 0
-10.7469 -7.54324 0
-10.0963 -8.39412 0
-9.37853 -9.18913 0
-8.59832 -9.92299 0
-7.7609 -10.5908 0
-6.87182 -11.1882 0
-5.93702 -11.7111 0
-4.9627 -12.156 0
-3.95536 -12.5201 0
-2.9217 -12.8008 0
-1.86859 -12.9964 0
-0.803053 -13.1054 0
0.267833 -13.1273 0
1.33694 -13.0618 0
2.39714 -12.9093 0
3.4414 -12.671 0
4.46275 -12.3483 0
5.4544 -11.9435 0
6.40975 -11.4591 0
7.32245 -10.8986 0
8.18642 -10.2654 0
8.99591 -9.56402 0
9.74553 -8.79895 0
10.4303 -7.97532 0
11.0457 -7.09861 0
11.5875 -6.17467 0
12.0522 -5.20963 0
12.4368 -4.20993 0
12.7385 -3.18221 0
12.9555 -2.13331 0
13.0863 -1.07022 0
14.14 0 0
14.0995 1.06939 0
13.9782 2.13266 0
13.7769 3.1837 0
13.4967 4.21652 0
13.1391 5.22518 0
12.7063 6.20391 0
12.2008 7.14711 0
11.6253 8.04937 0
10.9832 8.90552 0
10.2783 9.71066 0
9.51442 10.4602 0
8.69608 11.1498 0
7.82793 11.7755 0
6.91494 12.3338 0
5.96234 12.8215 0
4.9756 13.2357 0
3.96035 13.5741 0
2.92242 13.8347 0
1.86775 14.0161 0
0.802378 14.1172 0
-0.267587 14.1375 0
-1.33602 14.0767 0
-2.3968 13.9354 0
-3.44385 13.7142 0
-4.47118 13.4145 0
-5.47289 13.0379 0
-6.44326 12.5867 0
-7.37672 12.0633 0
-8.26792 11.4709 0
-9.11177 10.8127 0
-9.90343 10.0927 0
-10.6384 9.31476 0
-11.3124 8.48352 0
-11.9216 7.60368 0
-12.4625 6.6803 0
-12.932 5.71864 0
-13.3275 4.72423 0
-13.6466 3.70276 0
-13.8875 2.66009 0
-14.0489 1.60217 0
-14.1299 0.535078 0
-14.1299 -0.535078 0
-14.0489 -1.60217 0
-13.8875 -2.66009 0
-13.6466 -3.70276 0
-13.3275 -4.72423 0
-12.932 -5.71864 0
-12.4625 -6.6803 0
-11.9216 -7.60368 0
-11.3124 -8.48352 0
-10.6384 -9.31476 0
-9.90343 -10.0927 0
-9.11177 -10.8127 0
-8.26792 -11.4709 0
-7.37672 -12.0633 0
-6.44326 -12.5867 0
-5.47289 -13.0379 0
-4.47118 -13.4145 0
-3.44385 -13.7142 0
-2.3968 -13.9354 0
-1.33602 -14.0767 0
-0.267587 -14.1375 0
0.802378 -14.1172 0
1.86775 -14.0161 0
2.92242 -13.8347 0
3.96035 -13.5741 0
4.9756 -13.2357 0
5.96234 -12.8215 0
6.91494 -12.3338 0
7.82793 -11.7755 0
8.69608 -11.1498 0
9.51442 -10.4602 0
10.2783 -9.71066 0
10.9832 -8.90552 0
11.6253 -8.04937 0
12.2008 -7.14711 0
12.7063 -6.20391 0
13.1391 -5.22518 0
13.4967 -4.21652 0
13.7769 -3.1837 0
13.9782 -2.13266 0
14.0995 -1.06939 0
15.15 0 0
15.1123 1.06867 0
14.9992 2.13201 0
14.8115 3.18473 0
14.5499 4.22158 0
14.2159 5.2374 0
13.8111 6.22713 0
13.3374 7.18584 0
12.7973 8.10874 0
12.1934 8.99125 0
11.5288 9.82897 0
10.8068 10.6177 0
10.0309 11.3536 0
9.20505 12.0329 0
8.33333 12.6522 0
7.4201 13.2085 0
6.46991 13.699 0
5.48747 14.1213 0
4.47771 14.4732 0
3.44563 14.753 0
2.39639 14.9593 0
1.33521 15.091 0
0.267374 15.1476 0
-0.80179 15.1288 0
-1.86696 15.0345 0
-2.92283 14.8654 0
-3.96414 14.6222 0
-4.9857 14.3061 0
-5.98242 13.9188 0
-6.94933 13.4621 0
-7.88163 12.9384 0
-8.77466 12.3502 0
-9.62397 11.7005 0
-10.4253 10.9925 0
-11.1748 10.2297 0
-11.8685 9.41598 0
-12.5032 8.55533 0
-13.0755 7.65206 0
-13.5827 6.71066 0
-14.0222 5.73584 0
-14.3919 4.73244 0
-14.6899 3.70546 0
-14.9146 2.66002 0
-15.0651 1.60133 0
-15.1406 0.534666 0
-15.1406 -0.534666 0
-15.0651 -1.60133 0
-14.9146 -2.66002 0
-14.6899 -3.70546 0
-14.3919 -4.73244 0
-14.0222 -5.73584 0
-13.5827 -6.71066 0
-13.0755 -7.65206 0
-12.5032 -8.55533 0
-11.8685 -9.41598 0
-11.1748 -10.2297 0
-10.4253 -10.9925 0
-9.62397 -11.7005 0
-8.77466 -12.3502 0
-7.88163 -12.9384 0
-6.94933 -13.4621 0
-5.98242 -13.9188 0
-4.9857 -14.3061 0
-3.96414 -14.6222 0
-2.92283 -14.8654 0
-1.86696 -15.0345 0
-0.80179 -15.1288 0
0.267374 -15.1476 0
1.33521 -15.091 0
2.39639 -14.9593 0
3.44563 -14.753 0
4.47771 -14.4732 0
5.48747 -14.1213 0
6.46991 -13.699 0
7.4201 -13.2085 0
8.33333 -12.6522 0
9.20505 -12.0329 0
10.0309 -11.3536 0
10.8068 -10.6177 0
11.5288 -9.82897 0
12.1934 -8.99125 0
12.7973 -8.10874 0
13.3374 -7.18584 0
13.8111 -6.22713 0
14.2159 -5.2374 0
14.5499 -4.22158 0
14.8115 -3.18473 0
14.9992 -2.13201 0
15.1123 -1.06867 0
16.16 0 0
16.1239 1.07937 0
16.0158 2.15392 0
15.8362 3.21885 0
15.5858 4.2694 0
15.2659 5.30088 0
14.8777 6.30869 0
14.4231 7.28832 0
13.9041 8.2354 0
13.323 9.14571 0
12.6824 10.0152 0
11.9851 10.8399 0
11.2343 11.6162 0
10.4333 12.3406 0
9.58578 13.0099 0
8.69541 13.6211 0
7.7662 14.1715 0
6.80231 14.6586 0
5.80803 15.0802 0
4.78781 15.4345 0
3.74621 15.7198 0
2.68788 15.9349 0
1.61755 16.0788 0
0.539986 16.151 0
-0.539986 16.151 0
-1.61755 16.0788 0
-2.68788 15.9349 0
-3.74621 15.7198 0
-4.78781 15.4345 0
-5.80803 15.0802 0
-6.80231 14.6586 0
-7.7662 14.1715 0
-8.69541 13.6211 0
-9.58578 13.0099 0
-10.4333 12.3406 0
-11.2343 11.6162 0
-11.9851 10.8399 0
-12.6824 10.0152 0
-13.323 9.14571 0
-13.9041 8.2354 0
-14.4231 7.28832 0
-14.8777 6.30869 0
-15.2659 5.30088 0
-15.5858 4.2694 0
-15.8362 3.21885 0
-16.0158 2.15392 0
-16.1239 1.07937 0
-16.16 1.97903e-15 0
-16.1239 -1.07937 0
-16.0158 -2.15392 0
-15.8362 -3.21885 0
-15.5858 -4.2694 0
-15.2659 -5.30088 0
-14.8777 -6.30869 0
-14.4231 -7.28832 0
-13.9041 -8.2354 0
-13.323 -9.14571 0
-12.6824 -10.0152 0
-11.9851 -10.8399 0
-11.2343 -11.6162 0
-10.4333 -12.3406 0
-9.58578 -13.0099 0
-8.69541 -13.6211 0
-7.7662 -14.1715 0
-6.80231 -14.6586 0
-5.80803 -15.0802 0
-4.78781 -15.4345 0
-3.74621 -15.7198 0
-2.68788 -15.9349 0
-1.61755 -16.0788 0
-0.539986 -16.151 0
0.539986 -16.151 0
1.61755 -16.0788 0
2.68788 -15.9349 0
3.74621 -15.7198 0
4.78781 -15.4345 0
5.80803 -15.0802 0
6.80231 -14.6586 0
7.7662 -14.1715 0
8.69541 -13.6211 0
9.58578 -13.0099 0
10.4333 -12.3406 0
11.2343 -11.6162 0
11.9851 -10.8399 0
12.6824 -10.0152 0
13.323 -9.14571 0
13.9041 -8.2354 0
14.4231 -7.28832 0
14.8777 -6.30869 0
15.2659 -5.30088 0
15.5858 -4.2694 0
15.8362 -3.21885 0
16.0158 -2.15392 0
16.1239 -1.07937 0
