0 0 0
1.01 0 0
0.505 0.874686 0
-0.505 0.874686 0
-1.01 1.23689e-16 0
-0.505 -0.874686 0
0.505 -0.874686 0
2.02 0 0
1.74937 1.01 0
1.01 1.74937 0
1.23689e-16 2.02 0
-1.01 1.74937 0
-1.74937 1.01 0
-2.02 2.47379e-16 0
-1.74937 -1.01 0
-1.01 -1.74937 0
-3.71068e-16 -2.02 0
1.01 -1.74937 0
1.74937 -1.01 0
3.03 0 0
2.84727 1.03632 0
2.32111 1.94765 0
1.515 2.62406 0
0.526154 2.98397 0
-0.526154 2.98397 0
-1.515 2.62406 0
-2.32111 1.94765 0
-2.84727 1.03632 0
-3.03 3.71068e-16 0
-2.84727 -1.03632 0
-2.32111 -1.94765 0
-1.515 -2.62406 0
-0.526154 -2.98397 0
0.526154 -2.98397 0
1.515 -2.62406 0
2.32111 -1.94765 0
2.84727 -1.03632 0
4.04 0 0
3.91308 1.00471 0
3.54028 1.94628 0
2.94503 2.76557 0
2.16474 3.41108 0
1.24843 3.84227 0
0.253674 4.03203 0
-0.757021 3.96844 0
-1.72015 3.6555 0
-2.57519 3.11287 0
-3.26843 2.37465 0
-3.7563 1.48722 0
-4.00814 0.506346 0
-4.00814 -0.506346 0
-3.7563 -1.48722 0
-3.26843 -2.37465 0
-2.57519 -3.11287 0
-1.72015 -3.6555 0
-0.757021 -3.96844 0
0.253674 -4.03203 0
1.24843 -3.84227 0
2.16474 -3.41108 0
2.94503 -2.76557 0
3.54028 -1.94628 0
3.91308 -1.00471 0
5.05 0 0
4.94663 1.01656 0
4.64074 1.9915 0
4.14486 2.8849 0
3.47928 3.6602 0
2.67127 4.28565 0
1.75389 4.73565 0
0.76471 4.99177 0
-0.255778 5.04352 0
-1.2658 4.88879 0
-2.22399 4.53391 0
-3.09114 3.99342 0
-3.83173 3.28943 0
-4.41545 2.45077 0
-4.8184 1.51178 0
-5.02409 0.5109 0
-5.02409 -0.5109 0
-4.8184 -1.51178 0
-4.41545 -2.45077 0
-3.83173 -3.28943 0
-3.09114 -3.99342 0
-2.22399 -4.53391 0
-1.2658 -4.88879 0
-0.255778 -5.04352 0
0.76471 -4.99177 0
1.75389 -4.73565 0
2.67127 -4.28565 0
3.47928 -3.6602 0
4.14486 -2.8849 0
4.64074 -1.9915 0
4.94663 -1.01656 0
6.06 0 0
5.97283 1.02414 0
5.71384 2.01883 0
5.29047 2.95543 0
4.7149 3.80701 0
4.00369 4.54907 0
3.1773 5.16027 0
2.25951 5.62301 0
1.27672 5.92398 0
0.257194 6.05454 0
-0.769728 6.01092 0
-1.77451 5.79437 0
-2.72823 5.41113 0
-3.60348 4.87222 0
-4.37505 4.19315 0
-5.02077 3.39345 0
-5.52204 2.49612 0
-5.86446 1.52699 0
-6.03817 0.513924 0
-6.03817 -0.513924 0
-5.86446 -1.52699 0
-5.52204 -2.49612 0
-5.02077 -3.39345 0
-4.37505 -4.19315 0
-3.60348 -4.87222 0
-2.72823 -5.41113 0
-1.77451 -5.79437 0
-0.769728 -6.01092 0
0.257194 -6.05454 0
1.27672 -5.92398 0
2.25951 -5.62301 0
3.1773 -5.16027 0
4.00369 -4.54907 0
4.7149 -3.80701 0
5.29047 -2.95543 0
5.71384 -2.01883 0
5.97283 -1.02414 0
7.07 0 0
6.99466 1.0294 0
6.77024 2.03686 0
6.40152 3.00091 0
5.89636 3.901 0
5.26554 4.71794 0
4.52249 5.43434 0
3.68305 6.0349 0
2.76511 6.50685 0
1.78824 6.84011 0
0.773254 7.02759 0
-0.258211 7.06528 0
-1.28417 6.9524 0
-2.28276 6.69133 0
-3.2327 6.28765 0
-4.11374 5.74996 0
-4.9071 5.08972 0
-5.59588 4.321 0
-6.16539 3.46018 0
-6.60349 2.52562 0
-6.90086 1.53723 0
-7.05114 0.516077 0
-7.05114 -0.516077 0
-6.90086 -1.53723 0
-6.60349 -2.52562 0
-6.16539 -3.46018 0
-5.59588 -4.321 0
-4.9071 -5.08972 0
-4.11374 -5.74996 0
-3.2327 -6.28765 0
-2.28276 -6.69133 0
-1.28417 -6.9524 0
-0.258211 -7.06528 0
0.773254 -7.02759 0
1.78824 -6.84011 0
2.76511 -6.50685 0
3.68305 -6.0349 0
4.52249 -5.43434 0
5.26554 -4.71794 0
5.89636 -3.901 0
6.40152 -3.00091 0
6.77024 -2.03686 0
6.99466 -1.0294 0
8.08 0 0
8.01629 1.01269 0
7.82615 2.00941 0
7.51259 2.97445 0
7.08056 3.89257 0
6.53686 4.7493 0
5.89007 5.53114 0
5.15039 6.22575 0
4.32948 6.82217 0
3.4403 7.311 0
2.49686 7.68454 0
1.51404 7.93688 0
0.507347 8.06406 0
-0.507347 8.06406 0
-1.51404 7.93688 0
-2.49686 7.68454 0
-3.4403 7.311 0
-4.32948 6.82217 0
-5.15039 6.22575 0
-5.89007 5.53114 0
-6.53686 4.7493 0
-7.08056 3.89257 0
-7.51259 2.97445 0
-7.82615 2.00941 0
-8.01629 1.01269 0
-8.08 -2.59873e-15 0
-8.01629 -1.01269 0
-7.82615 -2.00941 0
-7.51259 -2.97445 0
-7.08056 -3.89257 0
-6.53686 -4.7493 0
-5.89007 -5.53114 0
-5.15039 -6.22575 0
-4.32948 -6.82217 0
-3.4403 -7.311 0
-2.49686 -7.68454 0
-1.51404 -7.93688 0
-0.507347 -8.06406 0
0.507347 -8.06406 0
1.51404 -7.93688 0
2.49686 -7.68454 0
3.4403 -7.311 0
4.32948 -6.82217 0
5.15039 -6.22575 0
5.89007 -5.53114 0
6.53686 -4.7493 0
7.08056 -3.89257 0
7.51259 -2.97445 0
7.82615 -2.00941 0
8.01629 -1.01269 0
9.09 0 0
9.03284 1.01776 0
8.86209 2.02272 0
8.5799 3.00224 0
8.18981 3.944 0
7.69672 4.83617 0
7.10685 5.66752 0
6.4276 6.4276 0
5.66752 7.10685 0
4.83617 7.69672 0
3.944 8.18981 0
3.00224 8.5799 0
2.02272 8.86209 0
1.01776 9.03284 0
5.56602e-16 9.09 0
-1.01776 9.03284 0
-2.02272 8.86209 0
-3.00224 8.5799 0
-3.944 8.18981 0
-4.83617 7.69672 0
-5.66752 7.10685 0
-6.4276 6.4276 0
-7.10685 5.66752 0
-7.69672 4.83617 0
-8.18981 3.944 0
-8.5799 3.00224 0
-8.86209 2.02272 0
-9.03284 1.01776 0
-9.09 1.1132e-15 0
-9.03284 -1.01776 0
-8.86209 -2.02272 0
-8.5799 -3.00224 0
-8.18981 -3.944 0
-7.69672 -4.83617 0
-7.10685 -5.66752 0
-6.4276 -6.4276 0
-5.66752 -7.10685 0
-4.83617 -7.69672 0
-3.944 -8.18981 0
-3.00224 -8.5799 0
-2.02272 -8.86209 0
-1.01776 -9.03284 0
-1.66981e-15 -9.09 0
1.01776 -9.03284 0
2.02272 -8.86209 0
3.00224 -8.5799 0
3.944 -8.18981 0
4.83617 -7.69672 0
5.66752 -7.10685 0
6.4276 -6.4276 0
7.10685 -5.66752 0
7.69672 -4.83617 0
8.18981 -3.944 0
8.5799 -3.00224 0
8.86209 -2.02272 0
9.03284 -1.01776 0
10.1 0 0
10.0482 1.0218 0
9.89325 2.03312 0
9.63681 3.02357 0
9.28147 3.98299 0
8.8309 4.90155 0
8.28971 5.76981 0
7.66346 6.57886 0
6.95857 7.32041 0
6.18227 7.98683 0
5.34254 8.57131 0
4.44798 9.06783 0
3.50778 9.4713 0
2.53159 9.77758 0
1.52942 9.98353 0
0.511557 10.087 0
-0.511557 10.087 0
-1.52942 9.98353 0
-2.53159 9.77758 0
-3.50778 9.4713 0
-4.44798 9.06783 0
-5.34254 8.57131 0
-6.18227 7.98683 0
-6.95857 7.32041 0
-7.66346 6.57886 0
-8.28971 5.76981 0
-8.8309 4.90155 0
-9.28147 3.98299 0
-9.63681 3.02357 0
-9.89325 2.03312 0
-10.0482 1.0218 0
-10.1 1.23689e-15 0
-10.0482 -1.0218 0
-9.89325 -2.03312 0
-9.63681 -3.02357 0
-9.28147 -3.98299 0
-8.8309 -4.90155 0
-8.28971 -5.76981 0
-7.66346 -6.57886 0
-6.95857 -7.32041 0
-6.18227 -7.98683 0
-5.34254 -8.57131 0
-4.44798 -9.06783 0
-3.50778 -9.4713 0
-2.53159 -9.77758 0
-1.52942 -9.98353 0
-0.511557 -10.087 0
0.511557 -10.087 0
1.52942 -9.98353 0
2.53159 -9.77758 0
3.50778 -9.4713 0
4.44798 -9.06783 0
5.34254 -8.57131 0
6.18227 -7.98683 0
6.95857 -7.32041 0
7.66346 -6.57886 0
8.28971 -5.76981 0
8.8309 -4.90155 0
9.28147 -3.98299 0
9.63681 -3.02357 0
9.89325 -2.03312 0
10.0482 -1.0218 0
11.11 0 0
11.064 1.01029 0
10.9263 2.0122 0
10.698 2.99744 0
10.3811 3.95785 0
9.9782 4.88545 0
9.4926 5.77258 0
8.92834 6.61187 0
8.2901 7.39637 0
7.58317 8.11959 0
6.81339 8.77552 0
5.98716 9.35874 0
5.11132 9.8644 0
4.19313 10.2883 0
3.24019 10.627 0
2.2604 10.8776 0
1.26188 11.0381 0
0.252899 11.1071 0
-0.758173 11.0841 0
-1.76296 10.9692 0
-2.75314 10.7635 0
-3.72051 10.4685 0
-4.65705 10.0868 0
-5.555 9.62154 0
-6.40692 9.07654 0
-7.20575 8.45632 0
-7.94487 7.76603 0
-8.61815 7.01139 0
-9.22003 6.19865 0
-9.7455 5.33454 0
-10.1902 4.42624 0
-10.5505 3.48125 0
-10.8234 2.50742 0
-11.0065 1.51281 0
-11.0985 0.505667 0
-11.0985 -0.505667 0
-11.0065 -1.51281 0
-10.8234 -2.50742 0
-10.5505 -3.48125 0
-10.1902 -4.42624 0
-9.7455 -5.33454 0
-9.22003 -6.19865 0
-8.61815 -7.01139 0
-7.94487 -7.76603 0
-7.20575 -8.45632 0
-6.40692 -9.07654 0
-5.555 -9.62154 0
-4.65705 -10.0868 0
-3.72051 -10.4685 0
-2.75314 -10.7635 0
-1.76296 -10.9692 0
-0.758173 -11.0841 0
0.252899 -11.1071 0
1.26188 -11.0381 0
2.2604 -10.8776 0
3.24019 -10.627 0
4.19313 -10.2883 0
5.11132 -9.8644 0
5.98716 -9.35874 0
6.81339 -8.77552 0
7.58317 -8.11959 0
8.2901 -7.39637 0
8.92834 -6.61187 0
9.4926 -5.77258 0
9.9782 -4.88545 0
10.3811 -3.95785 0
10.698 -2.99744 0
10.9263 -2.0122 0
11.064 -1.01029 0
12.12 0 0
12.0775 1.01418 0
11.9503 2.02124 0
11.7392 3.01412 0
11.4458 3.98586 0
11.0722 4.92965 0
10.6208 5.83885 0
10.095 6.70711 0
9.49836 7.52831 0
8.8351 8.29671 0
8.10986 9.00692 0
7.32774 9.65394 0
6.49422 10.2333 0
5.61515 10.7408 0
4.69669 11.173 0
3.74529 11.5268 0
2.76761 11.7998 0
1.77053 11.99 0
0.761021 12.0961 0
-0.253822 12.1173 0
-1.26688 12.0536 0
-2.27106 11.9053 0
-3.25931 11.6735 0
-4.22469 11.3599 0
-5.16045 10.9665 0
-6.06 10.4962 0
-6.91705 9.95233 0
-7.72558 9.33862 0
-8.47992 8.65941 0
-9.17478 7.91946 0
-9.80529 7.12396 0
-10.367 6.27849 0
-10.856 5.38898 0
-11.2689 4.46167 0
-11.6027 3.50307 0
-11.8551 2.51989 0
-12.0244 1.51904 0
-12.1094 0.507533 0
-12.1094 -0.507533 0
-12.0244 -1.51904 0
-11.8551 -2.51989 0
-11.6027 -3.50307 0
-11.2689 -4.46167 0
-10.856 -5.38898 0
-10.367 -6.27849 0
-9.80529 -7.12396 0
-9.17478 -7.91946 0
-8.47992 -8.65941 0
-7.72558 -9.33862 0
-6.91705 -9.95233 0
-6.06 -10.4962 0
-5.16045 -10.9665 0
-4.22469 -11.3599 0
-3.25931 -11.6735 0
-2.27106 -11.9053 0
-1.26688 -12.0536 0
-0.253822 -12.1173 0
0.761021 -12.0961 0
1.77053 -11.99 0
2.76761 -11.7998 0
3.74529 -11.5268 0
4.69669 -11.173 0
5.61515 -10.7408 0
6.49422 -10.2333 0
7.32774 -9.65394 0
8.10986 -9.00692 0
8.8351 -8.29671 0
9.49836 -7.52831 0
10.095 -6.70711 0
10.6208 -5.83885 0
11.0722 -4.92965 0
11.4458 -3.98586 0
11.7392 -3.01412 0
11.9503 -2.02124 0
12.0775 -1.01418 0
13.13 0 0
13.0905 1.01748 0
12.9723 2.02883 0
12.7761 3.02799 0
12.503 4.00893 0
12.1548 4.96576 0
11.7334 5.89273 0
11.2415 6.78426 0
10.6819 7.63499 0
10.0582 8.4398 0
9.3739 9.19385 0
8.63326 9.89261 0
7.84069 10.5319 0
7.00097 11.1078 0
6.11915 11.6169 0
5.20053 12.0562 0
4.25063 12.4229 0
3.27516 12.715 0
2.28 12.9305 0
1.27113 13.0683 0
0.254608 13.1275 0
-0.763442 13.1078 0
-1.7769 13.0092 0
-2.77967 12.8324 0
-3.76573 12.5784 0
-4.72913 12.2488 0
-5.6641 11.8455 0
-6.565 11.3709 0
-7.42642 10.828 0
-8.24317 10.2199 0
-9.01035 9.55042 0
-9.72334 8.82346 0
-10.3779 8.04345 0
-10.97 7.21505 0
-11.4961 6.34327 0
-11.9531 5.43333 0
-12.3382 4.49072 0
-12.6491 3.52111 0
-12.8839 2.53031 0
-13.0412 1.5243 0
-13.1201 0.509121 0
-13.1201 -0.509121 0
-13.0412 -1.5243 0
-12.8839 -2.53031 0
-12.6491 -3.52111 0
-12.3382 -4.49072 0
-11.9531 -5.43333 0
-11.4961 -6.34327 0
-10.97 -7.21505 0
-10.3779 -8.04345 0
-9.72334 -8.82346 0
-9.01035 -9.55042 0
-8.24317 -10.2199 0
-7.42642 -10.828 0
-6.565 -11.3709 0
-5.6641 -11.8455 0
-4.72913 -12.2488 0
-3.76573 -12.5784 0
-2.77967 -12.8324 0
-1.7769 -13.0092 0
-0.763442 -13.1078 0
0.254608 -13.1275 0
1.27113 -13.0683 0
2.28 -12.9305 0
3.27516 -12.715 0
4.25063 -12.4229 0
5.20053 -12.0562 0
6.11915 -11.6169 0
7.00097 -11.1078 0
7.84069 -10.5319 0
8.63326 -9.89261 0
9.3739 -9.19385 0
10.0582 -8.4398 0
10.6819 -7.63499 0
11.2415 -6.78426 0
11.7334 -5.89273 0
12.1548 -4.96576 0
12.503 -4.00893 0
12.7761 -3.02799 0
12.9723 -2.02883 0
13.0905 -1.01748 0
14.14 0 0
14.1031 1.02031 0
13.9928 2.0353 0
13.8094 3.03968 0
13.5541 4.02821 0
13.2281 4.99575 0
12.8331 5.93723 0
12.3712 6.84776 0
11.8449 7.72259 0
11.2568 8.55716 0
10.6099 9.34712 0
9.90782 10.0883 0
9.15404 10.777 0
8.35254 11.4094 0
7.50749 11.9824 0
6.6233 12.4929 0
5.70457 12.9382 0
4.75611 13.3161 0
3.78285 13.6246 0
2.78987 13.862 0
1.78234 14.0272 0
0.765524 14.1193 0
-0.255286 14.1377 0
-1.27476 14.0824 0
-2.2876 13.9537 0
-3.2885 13.7523 0
-4.27227 13.4791 0
-5.23375 13.1357 0
-6.16796 12.7238 0
-7.07 12.2456 0
-7.93519 11.7035 0
-8.759 11.1004 0
-9.53715 10.4395 0
-10.2656 9.72407 0
-10.9405 8.95798 0
-11.5584 8.14519 0
-12.116 7.28993 0
-12.6104 6.39667 0
-13.0391 5.47005 0
-13.3998 4.51492 0
-13.6907 3.53625 0
-13.9102 2.53915 0
-14.0571 1.5288 0
-14.1308 0.510488 0
-14.1308 -0.510488 0
-14.0571 -1.5288 0
-13.9102 -2.53915 0
-13.6907 -3.53625 0
-13.3998 -4.51492 0
-13.0391 -5.47005 0
-12.6104 -6.39667 0
-12.116 -7.28993 0
-11.5584 -8.14519 0
-10.9405 -8.95798 0
-10.2656 -9.72407 0
-9.53715 -10.4395 0
-8.759 -11.1004 0
-7.93519 -11.7035 0
-7.07 -12.2456 0
-6.16796 -12.7238 0
-5.23375 -13.1357 0
-4.27227 -13.4791 0
-3.2885 -13.7523 0
-2.2876 -13.9537 0
-1.27476 -14.0824 0
-0.255286 -14.1377 0
0.765524 -14.1193 0
1.78234 -14.0272 0
2.78987 -13.862 0
3.78285 -13.6246 0
4.75611 -13.3161 0
5.70457 -12.9382 0
6.6233 -12.4929 0
7.50749 -11.9824 0
8.35254 -11.4094 0
9.15404 -10.777 0
9.90782 -10.0883 0
10.6099 -9.34712 0
11.2568 -8.55716 0
11.8449 -7.72259 0
12.3712 -6.84776 0
12.8331 -5.93723 0
13.2281 -4.99575 0
13.5541 -4.02821 0
13.8094 -3.03968 0
13.9928 -2.0353 0
14.1031 -1.02031 0
15.15 0 0
15.1162 1.01191 0
15.0148 2.0193 0
14.8464 3.01767 0
14.6117 4.00256 0
14.3117 4.96958 0
13.9478 5.9144 0
13.5217 6.8328 0
13.0351 7.72069 0
12.4903 8.5741 0
11.8897 9.38921 0
11.236 10.1624 0
10.5322 10.8902 0
9.78126 11.5693 0
8.98667 12.1968 0
8.15195 12.7698 0
7.28081 13.2858 0
6.37716 13.7424 0
5.44503 14.1377 0
4.48858 14.4698 0
3.51208 14.7373 0
2.51989 14.939 0
1.51645 15.0739 0
0.506237 15.1415 0
-0.506237 15.1415 0
-1.51645 15.0739 0
-2.51989 14.939 0
-3.51208 14.7373 0
-4.48858 14.4698 0
-5.44503 14.1377 0
-6.37716 13.7424 0
-7.28081 13.2858 0
-8.15195 12.7698 0
-8.98667 12.1968 0
-9.78126 11.5693 0
-10.5322 10.8902 0
-11.236 10.1624 0
-11.8897 9.38921 0
-12.4903 8.5741 0
-13.0351 7.72069 0
-13.5217 6.8328 0
-13.9478 5.9144 0
-14.3117 4.96958 0
-14.6117 4.00256 0
-14.8464 3.01767 0
-15.0148 2.0193 0
-15.1162 1.01191 0
-15.15 1.85534e-15 0
-15.1162 -1.01191 0
-15.0148 -2.0193 0
-14.8464 -3.01767 0
-14.6117 -4.00256 0
-14.3117 -4.96958 0
-13.9478 -5.9144 0
-13.5217 -6.8328 0
-13.0351 -7.72069 0
-12.4903 -8.5741 0
-11.8897 -9.38921 0
-11.236 -10.1624 0
-10.5322 -10.8902 0
-9.78126 -11.5693 0
-8.98667 -12.1968 0
-8.15195 -12.7698 0
-7.28081 -13.2858 0
-6.37716 -13.7424 0
-5.44503 -14.1377 0
-4.48858 -14.4698 0
-3.51208 -14.7373 0
-2.51989 -14.939 0
-1.51645 -15.0739 0
-0.506237 -15.1415 0
0.506237 -15.1415 0
1.51645 -15.0739 0
2.51989 -14.939 0
3.51208 -14.7373 0
4.48858 -14.4698 0
5.44503 -14.1377 0
6.37716 -13.7424 0
7.28081 -13.2858 0
8.15195 -12.7698 0
8.98667 -12.1968 0
9.78126 -11.5693 0
10.5322 -10.8902 0
11.236 -10.1624 0
11.8897 -9.38921 0
12.4903 -8.5741 0
13.0351 -7.72069 0
13.5217 -6.8328 0
13.9478 -5.9144 0
14.3117 -4.96958 0
14.6117 -4.00256 0
14.8464 -3.01767 0
15.0148 -2.0193 0
15.1162 -1.01191 0
16.16 0 0
16.1281 1.01469 0
16.0326 2.02539 0
15.8738 3.02808 0
15.6523 4.01883 0
15.3691 4.99371 0
15.0252 5.94889 0
14.622 6.88059 0
14.1611 7.78514 0
13.6443 8.65896 0
13.0737 9.49861 0
12.4515 10.3008 0
11.7801 11.0623 0
11.0623 11.7801 0
10.3008 12.4515 0
9.49861 13.0737 0
8.65896 13.6443 0
7.78514 14.1611 0
6.88059 14.622 0
5.94889 15.0252 0
4.99371 15.3691 0
4.01883 15.6523 0
3.02808 15.8738 0
2.02539 16.0326 0
1.01469 16.1281 0
-2.59873e-15 16.16 0
-1.01469 16.1281 0
-2.02539 16.0326 0
-3.02808 15.8738 0
-4.01883 15.6523 0
-4.99371 15.3691 0
-5.94889 15.0252 0
-6.88059 14.622 0
-7.78514 14.1611 0
-8.65896 13.6443 0
-9.49861 13.0737 0
-10.3008 12.4515 0
-11.0623 11.7801 0
-11.7801 11.0623 0
-12.4515 10.3008 0
-13.0737 9.49861 0
-13.6443 8.65896 0
-14.1611 7.78514 0
-14.622 6.88059 0
-15.0252 5.94889 0
-15.3691 4.99371 0
-15.6523 4.01883 0
-15.8738 3.02808 0
-16.0326 2.02539 0
-16.1281 1.01469 0
-16.16 -5.19745e-15 0
-16.1281 -1.01469 0
-16.0326 -2.02539 0
-15.8738 -3.02808 0
-15.6523 -4.01883 0
-15.3691 -4.99371 0
-15.0252 -5.94889 0
-14.622 -6.88059 0
-14.1611 -7.78514 0
-13.6443 -8.65896 0
-13.0737 -9.49861 0
-12.4515 -10.3008 0
-11.7801 -11.0623 0
-11.0623 -11.7801 0
-10.3008 -12.4515 0
-9.49861 -13.0737 0
-8.65896 -13.6443 0
-7.78514 -14.1611 0
-6.88059 -14.622 0
-5.94889 -15.0252 0
-4.99371 -15.3691 0
-4.01883 -15.6523 0
-3.02808 -15.8738 0
-2.02539 -16.0326 0
-1.01469 -16.1281 0
-2.96854e-15 -16.16 0
1.01469 -16.1281 0
2.02539 -16.0326 0
3.02808 -15.8738 0
4.01883 -15.6523 0
4.99371 -15.3691 0
5.94889 -15.0252 0
6.88059 -14.622 0
7.78514 -14.1611 0
8.65896 -13.6443 0
9.49861 -13.0737 0
10.3008 -12.4515 0
11.0623 -11.7801 0
11.7801 -11.0623 0
12.4515 -10.3008 0
13.0737 -9.49861 0
13.6443 -8.65896 0
14.1611 -7.78514 0
14.622 -6.88059 0
15.0252 -5.94889 0
15.3691 -4.99371 0
15.6523 -4.01883 0
15.8738 -3.02808 0
16.0326 -2.02539 0
16.1281 -1.01469 0
