0.000168451 0.8124929087
0.000311876 0.8327457655
0.000332595 0.8243212578
0.00039376 0.847933382
0.000393897 0.8411905341
0.000475644 0.8631169463
0.000578246 0.8698800551
0.000680575 0.8901248075
0.000741877 0.9069940838
0.000782836 0.9137450361
0.000946775 0.935687657
0.00119304 0.9509036389
0.00127516 0.9542912716
0.00150081 0.9728746252
0.00162393 0.9813274982
0.00176766 0.9864089472
0.00203468 0.9915147095
0.00232218 1
0.00242496 0.9983304968
0.00273328 0.9933341438
0.00279485 0.9967136721
0.00297978 0.9967501418
0.0031444 0.9849825756
0.00343218 0.9799781182
0.00359663 0.9766391118
0.00367906 0.9648553367
0.00384351 0.9615122781
0.00400793 0.9598589837
0.00415193 0.9514587892
0.00429597 0.9413728827
0.0044194 0.934654348
0.00458399 0.9245684415
0.00470751 0.9127927709
0.00495443 0.8959842775
0.00520135 0.8791757841
0.0053248 0.8707674852
0.00555104 0.8606977875
0.00579802 0.8405178702
0.00608607 0.822027717
0.00658017 0.7749250344
0.00709479 0.7295080639
0.00750657 0.6891320204
0.00806222 0.6470945782
0.00845345 0.6067144825
0.00890632 0.5663465435
0.00929755 0.5259623957
0.00970899 0.5024434719
0.0100383 0.4738512035
0.0102855 0.4452386741
0.0106766 0.4099157144
0.011006 0.3796365184
0.0113352 0.356099765
0.0117468 0.3275216792
0.0120556 0.2955531242
0.0124879 0.2585505308
0.0128789 0.2282830861
0.0132904 0.2047617311
0.0137842 0.169456601
0.0144836 0.1341895616
0.0147511 0.1156981927
0.0151008 0.0955365103
0.0156971 0.0754210228
0.0161085 0.0535849745
0.0164788 0.0317415917
0.0167666 0.0233674528
0.0171366 0.0166943431
0.0175478 0.0066577113
0.0179588 0.0033634979
