0 0 0
2.01 0 0
1.005 1.74071 0
-1.005 1.74071 0
-2.01 2.46154e-16 0
-1.005 -1.74071 0
1.005 -1.74071 0
4.02 0 0
3.48142 2.01 0
2.01 3.48142 0
2.46154e-16 4.02 0
-2.01 3.48142 0
-3.48142 2.01 0
-4.02 4.92308e-16 0
-3.48142 -2.01 0
-2.01 -3.48142 0
-7.38462e-16 -4.02 0
2.01 -3.48142 0
3.48142 -2.01 0
6.03 0 0
5.66635 2.06238 0
4.61925 3.87601 0
3.015 5.22213 0
1.0471 5.93839 0
-1.0471 5.93839 0
-3.015 5.22213 0
-4.61925 3.87601 0
-5.66635 2.06238 0
-6.03 7.38462e-16 0
-5.66635 -2.06238 0
-4.61925 -3.87601 0
-3.015 -5.22213 0
-1.0471 -5.93839 0
1.0471 -5.93839 0
3.015 -5.22213 0
4.61925 -3.87601 0
5.66635 -2.06238 0
8.04 0 0
7.78741 1.99947 0
7.04551 3.8733 0
5.86091 5.50376 0
4.30805 6.7884 0
2.4845 7.64649 0
0.504836 8.02413 0
-1.50655 7.89759 0
-3.42327 7.27481 0
-5.12489 6.19493 0
-6.5045 4.72579 0
-7.4754 2.95972 0
-7.9766 1.00768 0
-7.9766 -1.00768 0
-7.4754 -2.95972 0
-6.5045 -4.72579 0
-5.12489 -6.19493 0
-3.42327 -7.27481 0
-1.50655 -7.89759 0
0.504836 -8.02413 0
2.4845 -7.64649 0
4.30805 -6.7884 0
5.86091 -5.50376 0
7.04551 -3.8733 0
7.78741 -1.99947 0
10.05 0 0
9.84428 2.02305 0
9.23553 3.96328 0
8.24867 5.74125 0
6.92412 7.28417 0
5.31609 8.52887 0
3.49042 9.42441 0
1.52185 9.93411 0
-0.509024 10.0371 0
-2.51906 9.72918 0
-4.42596 9.02294 0
-6.15167 7.9473 0
-7.62552 6.54629 0
-8.78718 4.87728 0
-9.5891 3.0086 0
-9.99844 1.01674 0
-9.99844 -1.01674 0
-9.5891 -3.0086 0
-8.78718 -4.87728 0
-7.62552 -6.54629 0
-6.15167 -7.9473 0
-4.42596 -9.02294 0
-2.51906 -9.72918 0
-0.509024 -10.0371 0
1.52185 -9.93411 0
3.49042 -9.42441 0
5.31609 -8.52887 0
6.92412 -7.28417 0
8.24867 -5.74125 0
9.23553 -3.96328 0
9.84428 -2.02305 0
12.06 0 0
11.8865 2.03815 0
11.3711 4.01767 0
10.5286 5.8816 0
9.38311 7.57633 0
7.96774 9.05311 0
6.32315 10.2694 0
4.49665 11.1903 0
2.54079 11.7893 0
0.511841 12.0491 0
-1.53183 11.9623 0
-3.53144 11.5314 0
-5.42946 10.7687 0
-7.17128 9.69621 0
-8.70679 8.34478 0
-9.99183 6.7533 0
-10.9894 4.96753 0
-11.6709 3.03886 0
-12.0166 1.02276 0
-12.0166 -1.02276 0
-11.6709 -3.03886 0
-10.9894 -4.96753 0
-9.99183 -6.7533 0
-8.70679 -8.34478 0
-7.17128 -9.69621 0
-5.42946 -10.7687 0
-3.53144 -11.5314 0
-1.53183 -11.9623 0
0.511841 -12.0491 0
2.54079 -11.7893 0
4.49665 -11.1903 0
6.32315 -10.2694 0
7.96774 -9.05311 0
9.38311 -7.57633 0
10.5286 -5.8816 0
11.3711 -4.01767 0
11.8865 -2.03815 0
14.07 0 0
13.9201 2.04861 0
13.4734 4.05355 0
12.7397 5.97211 0
11.7343 7.76337 0
10.4789 9.38918 0
9.0002 10.8149 0
7.32963 12.0101 0
5.50284 12.9493 0
3.55877 13.6125 0
1.53885 13.9856 0
-0.513865 14.0606 0
-2.55563 13.836 0
-4.54293 13.3164 0
-6.4334 12.513 0
-8.18675 11.443 0
-9.76562 10.129 0
-11.1364 8.59921 0
-12.2697 6.88611 0
-13.1416 5.02624 0
-13.7334 3.05924 0
-14.0325 1.02704 0
-14.0325 -1.02704 0
-13.7334 -3.05924 0
-13.1416 -5.02624 0
-12.2697 -6.88611 0
-11.1364 -8.59921 0
-9.76562 -10.129 0
-8.18675 -11.443 0
-6.4334 -12.513 0
-4.54293 -13.3164 0
-2.55563 -13.836 0
-0.513865 -14.0606 0
1.53885 -13.9856 0
3.55877 -13.6125 0
5.50284 -12.9493 0
7.32963 -12.0101 0
9.0002 -10.8149 0
10.4789 -9.38918 0
11.7343 -7.76337 0
12.7397 -5.97211 0
13.4734 -4.05355 0
13.9201 -2.04861 0
16.08 0 0
15.9532 2.01536 0
15.5748 3.99893 0
14.9508 5.91944 0
14.091 7.7466 0
13.009 9.45159 0
11.7218 11.0075 0
10.2498 12.3899 0
8.61609 13.5768 0
6.84653 14.5496 0
4.96899 15.293 0
3.01309 15.7952 0
1.00967 16.0483 0
-1.00967 16.0483 0
-3.01309 15.7952 0
-4.96899 15.293 0
-6.84653 14.5496 0
-8.61609 13.5768 0
-10.2498 12.3899 0
-11.7218 11.0075 0
-13.009 9.45159 0
-14.091 7.7466 0
-14.9508 5.91944 0
-15.5748 3.99893 0
-15.9532 2.01536 0
-16.08 -5.17172e-15 0
-15.9532 -2.01536 0
-15.5748 -3.99893 0
-14.9508 -5.91944 0
-14.091 -7.7466 0
-13.009 -9.45159 0
-11.7218 -11.0075 0
-10.2498 -12.3899 0
-8.61609 -13.5768 0
-6.84653 -14.5496 0
-4.96899 -15.293 0
-3.01309 -15.7952 0
-1.00967 -16.0483 0
1.00967 -16.0483 0
3.01309 -15.7952 0
4.96899 -15.293 0
6.84653 -14.5496 0
8.61609 -13.5768 0
10.2498 -12.3899 0
11.7218 -11.0075 0
13.009 -9.45159 0
14.091 -7.7466 0
14.9508 -5.91944 0
15.5748 -3.99893 0
15.9532 -2.01536 0
18.09 0 0
17.9763 2.02544 0
17.6364 4.0254 0
17.0748 5.97475 0
16.2985 7.84896 0
15.3172 9.62446 0
14.1433 11.2789 0
12.7916 12.7916 0
11.2789 14.1433 0
9.62446 15.3172 0
7.84896 16.2985 0
5.97475 17.0748 0
4.0254 17.6364 0
2.02544 17.9763 0
1.10769e-15 18.09 0
-2.02544 17.9763 0
-4.0254 17.6364 0
-5.97475 17.0748 0
-7.84896 16.2985 0
-9.62446 15.3172 0
-11.2789 14.1433 0
-12.7916 12.7916 0
-14.1433 11.2789 0
-15.3172 9.62446 0
-16.2985 7.84896 0
-17.0748 5.97475 0
-17.6364 4.0254 0
-17.9763 2.02544 0
-18.09 2.21539e-15 0
-17.9763 -2.02544 0
-17.6364 -4.0254 0
-17.0748 -5.97475 0
-16.2985 -7.84896 0
-15.3172 -9.62446 0
-14.1433 -11.2789 0
-12.7916 -12.7916 0
-11.2789 -14.1433 0
-9.62446 -15.3172 0
-7.84896 -16.2985 0
-5.97475 -17.0748 0
-4.0254 -17.6364 0
-2.02544 -17.9763 0
-3.32308e-15 -18.09 0
2.02544 -17.9763 0
4.0254 -17.6364 0
5.97475 -17.0748 0
7.84896 -16.2985 0
9.62446 -15.3172 0
11.2789 -14.1433 0
12.7916 -12.7916 0
14.1433 -11.2789 0
15.3172 -9.62446 0
16.2985 -7.84896 0
17.0748 -5.97475 0
17.6364 -4.0254 0
17.9763 -2.02544 0
